153 -0.6946377
154 -0.6946377
155 -0.7218784
157 -0.7218784
179 -0.7218784
197 -0.6946377
220 -0.7218784
252 -0.6946377
281 -0.6946377
342 -0.7218784
372 -0.6946377
402 -0.6946377
432 -0.7218784
462 -0.6946377
492 -0.6946377
522 -0.7218784
552 -0.7627395
582 -0.6946377
612 -0.6946377
642 -0.6946377
672 -0.7218784
702 -0.7218784
732 -0.7218784
762 -0.7218784
792 -0.7218784
822 -0.6946377
852 -0.7627395
882 -0.7218784
912 -0.6946377
942 -0.7218784
1025 -0.7218784
1026 -0.7218784
1060 -0.7218784
1093 -0.7218784
1122 -0.7627395
1152 -0.7218784
1182 -0.7218784
1212 -0.7218784
1242 -0.7218784
1272 -0.6537767
1302 -0.7218784
1362 -0.7218784
1392 -0.7218784
1422 -0.7218784
1452 -0.7218784
1482 -0.7218784
1542 -0.7218784
1573 -0.6946377
1602 -0.6946377
1632 -0.6946377
1662 -0.6946377
1692 -0.7218784
1722 -0.6946377
1752 -0.7218784
1782 -0.7627395
1812 -0.7627395
1842 -0.7218784
1872 -0.7218784
1903 -0.7218784
1932 -0.6946377
1963 -0.7218784
1992 -0.7218784
2022 -0.7218784
2052 -0.7218784
2082 -0.7218784
2112 -0.7218784
2142 -0.7627395
2172 -0.7218784
2232 -0.7218784
2262 -0.7218784
2292 -0.7218784
2322 -0.6946377
2352 -0.7218784
2382 -0.7627395
2412 -0.7218784
2472 -0.7218784
2532 -0.7627395
2562 -0.7218784
2592 -0.7627395
2622 -0.7218784
2652 -0.7218784
2682 -0.7627395
2712 -0.7627395
2742 -0.7627395
2772 -0.7627395
2870 -0.7627395
2871 -0.7218784
2874 -0.6946377
2890 -0.7218784
2920 -0.7627395
2951 -0.7218784
2982 -0.7218784
3012 -0.7218784
3042 -0.6946377
3072 -0.7218784
3102 -0.7218784
3132 -0.7218784
3162 -0.7218784
3192 -0.7218784
3222 -0.7218784
3252 -0.7218784
3282 -0.7218784
3312 -0.7218784
3342 -0.6946377
3372 -0.7218784
3402 -0.7218784
3432 -0.7218784
3462 -0.7627395
3492 -0.7627395
3522 -0.7627395
3552 -0.7218784
3582 -0.7218784
3612 -0.7627395
3701 -0.7218784
3744 -0.6946377
3792 -0.7218784
3832 -0.7218784
3862 -0.7218784
3892 -0.7218784
3922 -0.6946377
3952 -0.7218784
4012 -0.7627395
4042 -0.7218784
4072 -0.7218784
4102 -0.7218784
4132 -0.7218784
4162 -0.7218784
4192 -0.7218784
4252 -0.7218784
4312 -0.6946377
4343 -0.7218784
4372 -0.6946377
4402 -0.7218784
4432 -0.6946377
4462 -0.6946377
4492 -0.6946377
4522 -0.7218784
4552 -0.7218784
4583 -0.7218784
4612 -0.7218784
4642 -0.6946377
4721 -0.7218784
4722 -0.6946377
4760 -0.7218784
4791 -0.7627395
4822 -0.7218784
4852 -0.7218784
4882 -0.7218784
4912 -0.6946377
4942 -0.7218784
4972 -0.6946377
5002 -0.7218784
5032 -0.7218784
5092 -0.7627395
5152 -0.7218784
5182 -0.6946377
5242 -0.7627395
5272 -0.7218784
5332 -0.7218784
5362 -0.6946377
5392 -0.7218784
5452 -0.7218784
5512 -0.7218784
5542 -0.7218784
5602 -0.7218784
5632 -0.7627395
5662 -0.7218784
5692 -0.7218784
5722 -0.7218784
5782 -0.6946377
5812 -0.7218784
5842 -0.7218784
5872 -0.7218784
5932 -0.6946377
5962 -0.7218784
6022 -0.6946377
6052 -0.7218784
6151 -0.7627395
6182 -0.7218784
6212 -0.7218784
6242 -0.7627395
6272 -0.7218784
6302 -0.7218784
6332 -0.6946377
6392 -0.7627395
6422 -0.7218784
6452 -0.6946377
6482 -0.7218784
6512 -0.7218784
6542 -0.6946377
6572 -0.7218784
6632 -0.6946377
6662 -0.7218784
6692 -0.7218784
6722 -0.7627395
6752 -0.7218784
6850 -0.6946377
6851 -0.7218784
6854 -0.7218784
6870 -0.7218784
6900 -0.7218784
6931 -0.7218784
6992 -0.7218784
7052 -0.7627395
7082 -0.7627395
7112 -0.7218784
7142 -0.7218784
7172 -0.7627395
7271 -0.7218784
7302 -0.7627395
7362 -0.7627395
7392 -0.6946377
7422 -0.7218784
7452 -0.7218784
7482 -0.6946377
7512 -0.7218784
7542 -0.7627395
7572 -0.7627395
7604 -0.7627395
7642 -0.7218784
7672 -0.7218784
7702 -0.7218784
7732 -0.7218784
7762 -0.7218784
7792 -0.7218784
7852 -0.6946377
7882 -0.6537767
7912 -0.6946377
7942 -0.6946377
7972 -0.6537767
8032 -0.6537767
8062 -0.5720546
8092 -0.61291564
8122 -0.61291564
8152 -0.5720546
8182 -0.53119355
8212 -0.50395286
8242 -0.46309182
8272 -0.38136974
8302 -0.38136974
8332 -0.3405087
8362 -0.29964766
8392 -0.27240697
8422 -0.23154591
8452 -0.19068487
8482 -0.14982383
8512 -0.19068487
8572 -0.19068487
8602 -0.14982383
8632 -0.10896278
8692 -0.10896278
8804 -0.08172209
8805 -0.10896278
8806 -0.14982383
8840 -0.10896278
8873 -0.10896278
8902 -0.10896278
8932 -0.14982383
8962 -0.14982383
8992 -0.19068487
9022 -0.14982383
9052 -0.14982383
9082 -0.14982383
9112 -0.10896278
9172 -0.10896278
9202 -0.14982383
9232 -0.19068487
9262 -0.14982383
9292 -0.14982383
9322 -0.10896278
9352 -0.10896278
9412 -0.14982383
9442 -0.10896278
9502 -0.14982383
9532 -0.14982383
9562 -0.19068487
9592 -0.14982383
9652 -0.14982383
9712 -0.19068487
9742 -0.14982383
9772 -0.19068487
9802 -0.14982383
9832 -0.14982383
9862 -0.14982383
9892 -0.14982383
9923 -0.10896278
9952 -0.08172209
9982 -0.08172209
10012 -0.10896278
10042 -0.14982383
10072 -0.08172209
10102 -0.10896278
10132 -0.19068487
10162 -0.19068487
10192 -0.29964766
10222 -0.27240697
10252 -0.10896278
10282 -0.10896278
10312 -0.10896278
10342 0.0
10373 0.040861044
10402 -0.040861044
10432 -0.23154591
10462 -0.27240697
10492 -0.27240697
10604 -0.23154591
10605 -0.19068487
10611 -0.10896278
10615 -0.10896278
10640 -0.14982383
10701 -0.19068487
10732 -0.14982383
10762 -0.14982383
10792 -0.10896278
10823 -0.14982383
10882 -0.14982383
10912 -0.14982383
10942 -0.19068487
10972 -0.14982383
11002 -0.19068487
11032 -0.14982383
11062 -0.14982383
11092 -0.14982383
11122 -0.19068487
11152 -0.19068487
11182 -0.19068487
11212 -0.14982383
11242 -0.14982383
11272 -0.10896278
11302 -0.10896278
11333 -0.19068487
11362 -0.19068487
11392 -0.19068487
11422 -0.14982383
11452 -0.19068487
11482 -0.19068487
11512 -0.14982383
11542 -0.14982383
11572 -0.14982383
11602 -0.14982383
11632 -0.14982383
11662 -0.19068487
11692 -0.27240697
11722 -0.23154591
11752 -0.19068487
11782 -0.10896278
11812 -0.10896278
11842 -0.10896278
11872 -0.10896278
11902 -0.19068487
11932 -0.14982383
11962 -0.19068487
11992 -0.23154591
12022 -0.19068487
12052 -0.14982383
12082 -0.14982383
12112 -0.14982383
12172 -0.14982383
12251 -0.10896278
12252 -0.14982383
12260 -0.10896278
12290 -0.14982383
12321 -0.14982383
12352 -0.14982383
12382 -0.19068487
12412 -0.14982383
12442 -0.14982383
12472 -0.14982383
12502 -0.14982383
12532 -0.10896278
12562 -0.10896278
12592 -0.14982383
12622 -0.14982383
12652 -0.10896278
12682 -0.14982383
12712 -0.14982383
12742 -0.14982383
12772 -0.14982383
12802 -0.10896278
12862 -0.10896278
12892 -0.10896278
12922 -0.14982383
12952 -0.14982383
12982 -0.14982383
13012 -0.14982383
13042 -0.10896278
13072 -0.10896278
13102 -0.14982383
13132 -0.14982383
13162 -0.14982383
13192 -0.14982383
13222 -0.14982383
13252 -0.10896278
13282 -0.10896278
13312 -0.14982383
13342 -0.14982383
13372 -0.14982383
13402 -0.10896278
13462 -0.10896278
13492 -0.14982383
13522 -0.10896278
13552 -0.10896278
13582 -0.14982383
13613 -0.14982383
13642 -0.14982383
13672 -0.14982383
13702 -0.14982383
13732 -0.10896278
13762 -0.10896278
13792 -0.14982383
13822 -0.14982383
13891 -0.10896278
13894 -0.10896278
13910 -0.10896278
13940 -0.14982383
13971 -0.19068487
14002 -0.14982383
14032 -0.10896278
14062 -0.14982383
14092 -0.10896278
14122 -0.14982383
14152 -0.14982383
14182 -0.10896278
14212 -0.10896278
14242 -0.19068487
14272 -0.19068487
14302 -0.14982383
14332 -0.10896278
14362 -0.10896278
14392 -0.14982383
14491 -0.14982383
14581 -0.19068487
14622 -0.14982383
14652 -0.14982383
14682 -0.10896278
14712 -0.10896278
14742 -0.14982383
14772 -0.19068487
14802 -0.14982383
14832 -0.14982383
14862 -0.19068487
14893 -0.14982383
14922 -0.14982383
14952 -0.14982383
14982 -0.14982383
15012 -0.10896278
15042 -0.14982383
15072 -0.14982383
15102 -0.14982383
15132 -0.10896278
15162 -0.14982383
15192 -0.14982383
15222 -0.14982383
15252 -0.14982383
15282 -0.14982383
15312 -0.19068487
15342 -0.14982383
15402 -0.19068487
15432 -0.14982383
15462 -0.19068487
15492 -0.14982383
15552 -0.19068487
15582 -0.19068487
15680 -0.10896278
15681 -0.14982383
15684 -0.14982383
15730 -0.10896278
15761 -0.10896278
15793 -0.19068487
15823 -0.23154591
15852 -0.23154591
15882 -0.19068487
15912 -0.19068487
15942 -0.10896278
16002 -0.14982383
16032 -0.10896278
16062 -0.10896278
16092 -0.19068487
16122 -0.27240697
16152 -0.23154591
16182 -0.19068487
16212 -0.14982383
16242 -0.08172209
16272 -0.10896278
16302 -0.08172209
16332 -0.14982383
16362 -0.10896278
16392 -0.08172209
16423 -0.27240697
16452 -0.08172209
16482 -0.040861044
16512 -0.08172209
16542 -0.040861044
16573 -0.10896278
16603 -0.27240697
16635 -0.38136974
16662 -0.3405087
16692 -0.23154591
16722 -0.19068487
16752 -0.27240697
16782 -0.27240697
16812 -0.27240697
16842 -0.29964766
16872 -0.27240697
16902 -0.27240697
16932 -0.27240697
16962 -0.27240697
16992 -0.27240697
17022 -0.29964766
17052 -0.29964766
17082 -0.23154591
17112 -0.27240697
17142 -0.19068487
17172 -0.23154591
17202 -0.29964766
17314 -0.38136974
17315 -0.50395286
17316 -0.42223078
17323 -0.3405087
17350 -0.27240697
17382 -0.3405087
17412 -0.38136974
17442 -0.3405087
17472 -0.38136974
17502 -0.3405087
17532 -0.3405087
17562 -0.38136974
17592 -0.42223078
17622 -0.46309182
17652 -0.50395286
17712 -0.42223078
17742 -0.53119355
17772 -0.5720546
17802 -0.61291564
17832 -0.6537767
17862 -0.61291564
17892 -0.61291564
17922 -0.61291564
17952 -0.5720546
17982 -0.61291564
18012 -0.61291564
18042 -0.61291564
18072 -0.61291564
18103 -0.6537767
18132 -0.61291564
18162 -0.61291564
18192 -0.6537767
18222 -0.6537767
18252 -0.6537767
18282 -0.61291564
18312 -0.5720546
18342 -0.61291564
18372 -0.5720546
18402 -0.61291564
18432 -0.61291564
18462 -0.5720546
18492 -0.61291564
18522 -0.61291564
18552 -0.61291564
18582 -0.6537767
18612 -0.61291564
18642 -0.6537767
18672 -0.53119355
18702 -0.53119355
18732 -0.61291564
18762 -0.6537767
18793 -0.6946377
18822 -0.7218784
18920 -0.5720546
18921 -0.50395286
18924 -0.46309182
18940 -0.46309182
18970 -0.50395286
19001 -0.53119355
19032 -0.50395286
19062 -0.42223078
19093 -0.3405087
19122 -0.23154591
19152 -0.08172209
19182 -0.08172209
19212 -0.10896278
19242 -0.19068487
19272 -0.27240697
19302 -0.23154591
19332 -0.23154591
19362 -0.19068487
19392 0.0
19422 0.10896278
19452 0.38136974
19482 0.040861044
19512 -0.10896278
19542 0.08172209
19572 0.08172209
19602 0.10896278
19633 0.14982383
19692 -0.08172209
19720 -0.08172209
19751 0.0
19811 0.0
19851 -0.040861044
19892 -0.08172209
19922 0.0
19952 -0.040861044
19982 -0.040861044
20012 0.040861044
20042 0.0
20072 0.0
20102 -0.040861044
20132 0.0
20162 0.0
20192 0.0
20222 -0.040861044
20252 0.040861044
20282 0.040861044
20312 0.040861044
20342 0.0
20372 -0.040861044
20402 0.0
20432 -0.040861044
20462 -0.040861044
20492 0.0
20522 -0.040861044
20601 -0.040861044
20602 0.0
20610 -0.040861044
20640 -0.040861044
20671 0.0
20703 -0.040861044
20732 0.0
20762 -0.040861044
20792 -0.040861044
20822 0.0
20852 -0.040861044
20882 0.0
20912 0.0
20942 0.0
20972 0.0
21002 -0.08172209
21033 -0.040861044
21062 0.0
21092 -0.040861044
21122 -0.040861044
21152 0.0
21182 0.0
21212 0.0
21242 0.0
21272 -0.040861044
21332 -0.040861044
21363 -0.040861044
21392 -0.08172209
21422 -0.08172209
21452 -0.040861044
21482 -0.040861044
21512 0.0
21542 -0.040861044
21602 0.0
21632 -0.040861044
21662 -0.040861044
21692 0.0
21722 -0.040861044
21752 -0.08172209
21782 -0.10896278
21812 -0.10896278
21842 -0.040861044
21872 0.0
21902 0.0
21932 -0.08172209
21962 -0.10896278
21992 -0.08172209
22022 -0.08172209
22052 -0.08172209
22082 -0.040861044
22112 -0.040861044
22142 -0.040861044
22172 -0.040861044
22279 -0.040861044
22280 -0.040861044
22291 0.0
22320 -0.08172209
22351 -0.10896278
22383 -0.08172209
22412 -0.08172209
22472 -0.10896278
22503 -0.08172209
22532 -0.08172209
22563 -0.10896278
22592 -0.10896278
22622 -0.08172209
22659 -0.10896278
22682 -0.10896278
22712 -0.10896278
22742 -0.08172209
22802 0.0
22832 0.0
22862 0.040861044
22892 -0.10896278
22922 0.10896278
22952 0.08172209
22982 -0.19068487
23012 -0.040861044
23042 -0.040861044
23072 -0.040861044
23102 0.0
23132 -0.040861044
23162 -0.08172209
23192 -0.14982383
23223 -0.23154591
23252 -0.3405087
23282 -0.3405087
23312 -0.27240697
23342 -0.3405087
23372 -0.3405087
23402 -0.3405087
23432 -0.3405087
23462 -0.38136974
23492 -0.42223078
23522 -0.42223078
23552 -0.38136974
23582 -0.42223078
23612 -0.42223078
23642 -0.46309182
23702 -0.46309182
23732 -0.50395286
23762 -0.46309182
23792 -0.50395286
23822 -0.46309182
23852 -0.50395286
23882 -0.50395286
23961 -0.5720546
23962 -0.5720546
23970 -0.53119355
24000 -0.53119355
24031 -0.50395286
24062 -0.53119355
24092 -0.53119355
24122 -0.50395286
24152 -0.50395286
24182 -0.53119355
24212 -0.53119355
24242 -0.53119355
24272 -0.53119355
24302 -0.53119355
24333 -0.5720546
24362 -0.53119355
24393 -0.5720546
24422 -0.53119355
24453 -0.53119355
24483 -0.5720546
24512 -0.53119355
24542 -0.53119355
24572 -0.53119355
24602 -0.53119355
24632 -0.53119355
24692 -0.53119355
24722 -0.53119355
24752 -0.5720546
24782 -0.53119355
24842 -0.53119355
24902 -0.53119355
24932 -0.5720546
24962 -0.53119355
25022 -0.50395286
25052 -0.53119355
25082 -0.5720546
25112 -0.53119355
25172 -0.5720546
25202 -0.5720546
25233 -0.53119355
25262 -0.50395286
25292 -0.50395286
25322 -0.53119355
25352 -0.53119355
25382 -0.5720546
25412 -0.5720546
25442 -0.53119355
25472 -0.50395286
25502 -0.53119355
25532 -0.5720546
25563 -0.53119355
25592 -0.50395286
25622 -0.53119355
25729 -0.53119355
25740 -0.5720546
25771 -0.5720546
25801 -0.5720546
25831 -0.5720546
25862 -0.53119355
25893 -0.53119355
25952 -0.53119355
25982 -0.5720546
26042 -0.5720546
26073 -0.53119355
26102 -0.5720546
26132 -0.53119355
26162 -0.53119355
26192 -0.5720546
26222 -0.53119355
26252 -0.53119355
26282 -0.5720546
26312 -0.5720546
26342 -0.5720546
26402 -0.53119355
26432 -0.53119355
26462 -0.5720546
26522 -0.53119355
26552 -0.5720546
26582 -0.5720546
26612 -0.53119355
26642 -0.53119355
26672 -0.53119355
26702 -0.53119355
26732 -0.53119355
26762 -0.53119355
26792 -0.50395286
26852 -0.50395286
26882 -0.50395286
26912 -0.53119355
26942 -0.46309182
26972 -0.53119355
27002 -0.5720546
27032 -0.6537767
27062 -0.6946377
27092 -0.6537767
27122 -0.5720546
27152 -0.50395286
27182 -0.42223078
27212 -0.46309182
27242 -0.50395286
27272 -0.50395286
27302 -0.53119355
27332 -0.53119355
27362 -0.5720546
27393 -0.50395286
27504 -0.50395286
27505 -0.50395286
27506 -0.50395286
27513 -0.53119355
27540 -0.53119355
27572 -0.50395286
27601 -0.53119355
27631 -0.50395286
27662 -0.53119355
27692 -0.53119355
27722 -0.50395286
27752 -0.50395286
27782 -0.50395286
27812 -0.50395286
27842 -0.46309182
27872 -0.5720546
27902 -0.5720546
27962 -0.53119355
27992 -0.50395286
28022 -0.53119355
28052 -0.5720546
28082 -0.53119355
28112 -0.50395286
28142 -0.50395286
28172 -0.53119355
28202 -0.53119355
28232 -0.53119355
28263 -0.50395286
28292 -0.50395286
28322 -0.53119355
28382 -0.46309182
28412 -0.50395286
28442 -0.50395286
28472 -0.50395286
28502 -0.53119355
28532 -0.46309182
28562 -0.46309182
28592 -0.46309182
28622 -0.50395286
28652 -0.46309182
28692 -0.46309182
28722 -0.50395286
28752 -0.53119355
28782 -0.46309182
28812 -0.46309182
28842 -0.50395286
28872 -0.46309182
28902 -0.42223078
28932 -0.42223078
28962 -0.46309182
28992 -0.46309182
29022 -0.42223078
29105 -0.46309182
29106 -0.50395286
29113 -0.50395286
29140 -0.46309182
29172 -0.46309182
29202 -0.50395286
29231 -0.50395286
29262 -0.50395286
29292 -0.53119355
29322 -0.50395286
29352 -0.50395286
29382 -0.46309182
29412 -0.46309182
29442 -0.50395286
29472 -0.50395286
29502 -0.5720546
29532 -0.50395286
29562 -0.46309182
29592 -0.53119355
29622 -0.50395286
29652 -0.46309182
29682 -0.50395286
29801 -0.50395286
29841 -0.46309182
29882 -0.53119355
29912 -0.50395286
29972 -0.46309182
