908 -3.5231297
915 -3.613932
917 -3.486809
919 -3.1690013
922 -3.1281397
924 -3.2915843
926 -3.4232473
929 -3.2688837
931 -3.3823864
933 -3.804617
977 -3.7047348
981 -3.368766
983 -3.1780813
985 -3.1644604
987 -3.2552633
990 -3.259803
992 -3.2688835
997 -3.4232473
999 -3.1780808
1001 -2.9374552
1004 -2.937455
1006 -2.6832085
1008 -2.424422
1011 -2.5288444
1014 -2.669588
1016 -2.3245394
1018 -2.0929935
1020 -2.0929935
1022 -2.197416
1027 -2.070293
1048 -2.0158117
1050 -2.1156943
1052 -2.2609777
1059 -2.2337368
1074 -2.2337372
1134 -2.5197642
1136 -2.705909
1148 -2.619647
1179 -2.5515451
1209 -2.8466527
1246 -3.3415253
1274 -3.8954194
1299 -3.9044998
1330 -3.0781987
1364 -2.6832085
1394 -3.0418777
1423 -3.3324451
1454 -3.0872786
1484 -3.1190598
1513 -3.3415253
1544 -3.4731886
1573 -3.445948
1603 -3.3960068
1633 -3.205322
1664 -3.050958
1689 -3.1508405
1720 -3.155381
1749 -3.4323275
1781 -3.3823864
1814 -3.4005468
1913 -3.2961237
1916 -3.1780813
1918 -3.091819
1929 -3.050958
1959 -3.0237172
1989 -3.164461
2020 -3.1780813
2070 -3.1644604
2091 -3.2053216
2118 -3.1780813
2149 -3.1962416
2181 -3.1054394
2213 -2.9601555
2243 -2.9374552
2279 -2.978316
2313 -3.3823864
2343 -3.3823864
2374 -3.5231302
2407 -3.8863392
2445 -3.995302
2473 -3.7001944
2512 -3.3823862
2544 -3.3960068
2573 -3.5776112
2604 -3.727435
2674 -3.3960066
2677 -3.087279
2688 -3.050958
2718 -3.2461827
2749 -3.3869267
2781 -3.7138147
2814 -3.51859
2844 -2.8466527
2874 -2.319999
2943 -2.4789033
2974 -2.937455
3000 -3.091819
3022 -2.7967112
3038 -2.592406
3069 -2.478903
3101 -2.7830913
3133 -3.1281402
3165 -3.2961237
3191 -3.3733063
3221 -3.291584
3252 -3.364226
3282 -3.445948
3313 -3.1417599
3345 -3.1690009
3375 -3.491349
3472 -3.5458305
3475 -3.3415253
3477 -3.1099794
3489 -3.2779636
3518 -3.445948
3553 -3.4595683
3582 -3.459568
3612 -3.4323273
3642 -3.4096272
3689 -3.4595683
3711 -3.5276701
3742 -3.255263
3778 -3.3097446
3811 -3.445948
3841 -3.6139324
3871 -3.5322104
3894 -3.5412905
3924 -3.5231297
3956 -3.4595683
4010 -3.5912316
4012 -3.5730712
4038 -3.409627
4069 -3.3823864
4100 -3.450488
4134 -3.5140495
4232 -3.5231297
4234 -3.5866916
4236 -3.5639906
4249 -3.53675
4279 -3.4731886
4309 -3.5004294
4341 -3.482269
4373 -3.4595683
4405 -3.482269
4435 -3.482269
4465 -3.5004294
4548 -3.4731886
4582 -3.4368677
4609 -3.4232473
4641 -3.4232473
4671 -3.409627
4701 -3.3960066
4731 -3.368766
4764 -3.4232473
4795 -3.4595683
4826 -3.3960066
4853 -3.3960066
4883 -3.3823864
4913 -3.3823862
4943 -3.3823862
5057 -3.4232473
5059 -3.409627
5061 -3.3823864
5064 -3.368766
5088 -3.3960068
5121 -3.4096272
5151 -3.3823864
5181 -3.4232473
5211 -3.450488
5243 -3.4232473
5275 -3.4368677
5305 -3.450488
5335 -3.4232473
5365 -3.4368677
5393 -3.53675
5423 -3.600312
5455 -3.5095098
5485 -3.3052044
5516 -3.4641085
5543 -3.5322104
5573 -3.445948
5603 -3.5231297
5633 -3.4187071
5663 -3.52767
5693 -3.4868088
5785 -3.3960068
5787 -3.3097446
5791 -3.2961242
5808 -3.3460655
5841 -3.3052044
5870 -3.4187071
5901 -3.5004292
5931 -3.4595683
5964 -3.4187076
5995 -3.368766
6025 -3.3460655
6055 -3.3823864
6086 -3.4459484
6115 -3.4096272
6145 -3.4232473
6187 -3.495889
6213 -3.4187071
6246 -3.445948
6275 -3.482269
6305 -3.4868088
6335 -3.4595683
6365 -3.4050868
6395 -3.373306
6425 -3.368766
6455 -3.3551457
6545 -3.3823862
6547 -3.4232473
6551 -3.450488
6568 -3.409627
6603 -3.3960066
6631 -3.4368677
6661 -3.3960066
6701 -3.3869267
6733 -3.4096272
6764 -3.450488
6794 -3.486809
6825 -3.4595683
6856 -3.3460655
6888 -3.2779636
6913 -3.3052044
6944 -3.4232473
6973 -3.486809
7005 -3.4686487
7036 -3.4868088
7065 -3.4096272
7095 -3.3324451
7125 -3.291584
7155 -3.2961242
7185 -3.3097446
7215 -3.3324451
7311 -3.3823864
7314 -3.3551457
7322 -3.2825038
7348 -3.2461827
7379 -3.2961242
7411 -3.3324451
7444 -3.3324451
7476 -3.2688835
7505 -3.2779636
7535 -3.2688835
7565 -3.2688835
7623 -3.2825038
7654 -3.2825038
7685 -3.2688835
7715 -3.2961242
7745 -3.291584
7776 -3.2825038
7805 -3.2825038
7835 -3.255263
7865 -3.255263
7895 -3.218942
7925 -3.182621
7956 -3.1917012
7985 -3.2688835
8015 -3.2825038
8105 -3.214402
8107 -3.214402
8111 -3.2280223
8128 -3.2416427
8160 -3.255263
8190 -3.2643433
8221 -3.2461827
8251 -3.2961242
8284 -3.3188248
8313 -3.3052044
8346 -3.2825038
8375 -3.2280223
8405 -3.2688835
8435 -3.2961242
8466 -3.291584
8495 -3.255263
8525 -3.2416427
8555 -3.255263
8586 -3.2688835
8615 -3.2416427
8673 -3.2416427
8705 -3.2643433
8735 -3.255263
8793 -3.255263
8824 -3.291584
8937 -3.3188248
8939 -3.291584
8942 -3.291584
8944 -3.3052044
8968 -3.3188248
9001 -3.3052042
9030 -3.2779634
9061 -3.3052044
9091 -3.2688835
9124 -3.3052044
9155 -3.3188248
9185 -3.2825038
9215 -3.291584
9245 -3.291584
9275 -3.291584
9305 -3.2825038
9335 -3.2643433
9365 -3.2688835
9395 -3.2961242
9425 -3.2825038
9456 -3.3052044
9485 -3.3188248
9538 -3.2779636
9568 -3.3052044
9629 -3.291584
9747 -3.2779636
9750 -3.291584
9752 -3.2961242
9760 -3.2961242
9820 -3.2688835
9853 -3.2416427
9885 -3.255263
9915 -3.255263
9945 -3.2280223
9975 -3.2825038
10005 -3.2825038
10035 -3.255263
10066 -3.3097446
10096 -3.2688835
10125 -3.3188248
10155 -3.3097446
10185 -3.3052044
10215 -3.323365
10246 -3.2825038
10276 -3.2961242
10305 -3.3188248
10335 -3.3052044
10365 -3.3097446
10395 -3.2961242
10423 -3.3188248
10535 -3.2961242
10539 -3.2825038
10541 -3.3097446
10544 -3.2825038
10568 -3.2961242
10601 -3.3097446
10663 -3.3097446
10695 -3.2825038
10725 -3.3097446
10755 -3.3188248
10786 -3.3324451
10815 -3.323365
10845 -3.2961242
10875 -3.3460655
10905 -3.327905
10935 -3.3188248
10965 -3.2825038
10995 -3.3052044
11025 -3.368766
11055 -3.368766
11086 -3.3869267
11116 -3.3823864
11146 -3.3733063
11175 -3.3460655
11205 -3.3324451
11302 -3.3460655
11304 -3.368766
11307 -3.3188248
11318 -3.3052044
11348 -3.3324451
11379 -3.359686
11411 -3.3460655
11444 -3.3869267
11476 -3.3960068
11506 -3.359686
11536 -3.368766
11565 -3.3869267
11595 -3.400547
11626 -3.3914669
11655 -3.3823862
11685 -3.3960066
11716 -3.4368677
11746 -3.3960066
11776 -3.368766
11805 -3.3960066
11835 -3.409627
11865 -3.3687658
11895 -3.3823862
11926 -3.3823862
11956 -3.3823864
12025 -3.3324451
12027 -3.3460655
12038 -3.368766
12068 -3.3687658
12099 -3.3823862
12131 -3.409627
12163 -3.3869267
12195 -3.3733063
12225 -3.3869267
12256 -3.3415253
12283 -3.3687658
12316 -3.3823862
12343 -3.3460655
12373 -3.3733063
12403 -3.3460655
12433 -3.3324451
12493 -3.3733063
12523 -3.3823864
12556 -3.359686
12583 -3.3460655
12613 -3.3823864
12673 -3.3869267
12703 -3.3823864
12733 -3.4050872
12825 -3.368766
12828 -3.3823864
12832 -3.3733063
12848 -3.3960068
12881 -3.3869267
12910 -3.3823864
12941 -3.368766
12971 -3.359686
13004 -3.3869267
13035 -3.3460655
13065 -3.3460655
13096 -3.359686
13125 -3.3460655
13155 -3.359686
13185 -3.3460655
13215 -3.3733063
13245 -3.4232473
13275 -3.3733063
13306 -3.3551457
13335 -3.368766
13365 -3.3823864
13395 -3.4050872
13425 -3.3869267
13456 -3.3823864
13486 -3.3733063
13582 -3.359686
13584 -3.359686
13586 -3.368766
13599 -3.3460655
13628 -3.3869267
13660 -3.3460655
13691 -3.3460655
13724 -3.3460655
13753 -3.3460655
13813 -3.3733063
13845 -3.3733063
13875 -3.359686
13905 -3.3460655
13935 -3.359686
13993 -3.3324451
14025 -3.3460655
14055 -3.3324451
14086 -3.3052044
14115 -3.3188248
14146 -3.3460655
14175 -3.3324451
14233 -3.3415253
14294 -3.359686
14325 -3.359686
14353 -3.3415253
14426 -3.3415253
14428 -3.3188248
14438 -3.3324451
14469 -3.327905
14499 -3.3415253
14531 -3.3188248
14564 -3.3188248
14623 -3.3324451
14655 -3.327905
14683 -3.3188248
14713 -3.3052044
14743 -3.3188248
14773 -3.3188248
14803 -3.3188248
14833 -3.3324451
14863 -3.3324451
14893 -3.359686
14923 -3.3460655
14953 -3.3188248
14983 -3.3188248
15016 -3.359686
15045 -3.3460655
15076 -3.3188248
15105 -3.3460655
15217 -3.3188248
15219 -3.291584
15222 -3.3188248
15224 -3.359686
15249 -3.3324451
15281 -3.3188248
15311 -3.3324451
15341 -3.3097446
15371 -3.3460655
15404 -3.3733063
15433 -3.359686
15463 -3.359686
15493 -3.3324451
15523 -3.3324451
15556 -3.368766
15586 -3.3823864
15613 -3.3733063
15643 -3.3324451
15673 -3.359686
15712 -3.3551457
15735 -3.3324451
15764 -3.3460655
15795 -3.3052044
15823 -3.3324451
15853 -3.359686
15945 -3.3188248
15947 -3.3052044
15951 -3.2825038
15969 -3.2961242
16001 -3.2825038
16030 -3.2779636
16061 -3.3188248
16091 -3.3324451
16124 -3.3052044
16155 -3.3097446
16186 -3.2961242
16216 -3.291584
16245 -3.3052044
16275 -3.3188248
16306 -3.3188248
16335 -3.3052044
16366 -3.291584
16395 -3.2961242
16453 -3.2688835
16485 -3.2825038
16515 -3.3052044
16545 -3.3188248
16575 -3.3188248
16605 -3.291584
16635 -3.2688835
16704 -3.2825038
16718 -3.2688835
16748 -3.2825038
16780 -3.3052044
16811 -3.2961242
16843 -3.2688835
16876 -3.291584
16905 -3.3052044
16935 -3.3188248
16966 -3.2961242
16996 -3.2961242
17025 -3.3460655
17055 -3.3188248
17086 -3.2961242
17143 -3.3188248
17175 -3.359686
17206 -3.3188248
17235 -3.3052044
17266 -3.3188248
17296 -3.3188248
17326 -3.3052044
17355 -3.3460655
17385 -3.3188248
17415 -3.3324451
17505 -3.3188248
17507 -3.3052044
17511 -3.3188248
17528 -3.3052044
17561 -3.3324451
17590 -3.3188248
17621 -3.3097446
17651 -3.2961242
17683 -3.3324451
17715 -3.3052044
17746 -3.3188248
17775 -3.3324451
17805 -3.3052044
17836 -3.3188248
17865 -3.3097446
17896 -3.3188248
17925 -3.3324451
17956 -3.3415253
17986 -3.3324451
18015 -3.2961242
18073 -3.3188248
18105 -3.291584
18133 -3.2825038
18163 -3.2825038
18193 -3.3052044
18265 -3.2779636
18267 -3.3324451
18279 -3.3460655
18309 -3.323365
18340 -3.3324451
18371 -3.3052044
18403 -3.291584
18435 -3.359686
18466 -3.3460655
18523 -3.359686
18555 -3.3324451
18591 -3.3052044
18617 -3.2825038
18645 -3.3052044
18675 -3.3188248
18705 -3.3324451
18736 -3.3052044
18765 -3.3052044
18795 -3.2961242
18825 -3.2825038
18855 -3.3052044
18885 -3.3052044
18915 -3.2688835
18945 -3.291584
19055 -3.2961242
19059 -3.291584
19061 -3.3188248
19064 -3.3188248
19088 -3.3097446
19122 -3.3052044
19151 -3.291584
19181 -3.3188248
19211 -3.3188248
19243 -3.3052044
19275 -3.3188248
19333 -3.2961242
19364 -3.2961242
19396 -3.3052044
19425 -3.323365
19455 -3.323365
19485 -3.2961242
19515 -3.291584
19545 -3.3188248
19603 -3.3188248
19634 -3.3188248
19665 -3.3324451
19695 -3.3052044
19725 -3.2825038
19755 -3.3097446
19893 -3.3324451
19898 -3.3052044
19901 -3.2961242
19903 -3.2961242
19928 -3.3097446
19961 -3.3188248
19991 -3.3324451
20021 -3.3188248
20051 -3.3052044
20084 -3.2688835
20115 -3.2779636
20145 -3.3097446
20175 -3.2961242
20205 -3.3052044
20235 -3.291584
20265 -3.3188248
20295 -3.291584
20325 -3.291584
20355 -3.2961242
20385 -3.2825038
20415 -3.2825038
20473 -3.2688835
20505 -3.2779636
20535 -3.291584
20625 -3.291584
20628 -3.2961242
20631 -3.2825038
20648 -3.2779636
20682 -3.2643433
20710 -3.2643433
20741 -3.291584
20771 -3.2961242
20804 -3.2961242
20836 -3.291584
20865 -3.2961242
20895 -3.3188248
20926 -3.255263
20956 -3.255263
20985 -3.2688835
21015 -3.2825038
21045 -3.2825038
21075 -3.2688835
21105 -3.2825038
21135 -3.2825038
21165 -3.3052044
21196 -3.3052044
21225 -3.2825038
21255 -3.2825038
21285 -3.2416427
21382 -3.2688835
21384 -3.2961242
21386 -3.2825038
21398 -3.2961242
21428 -3.3097446
21460 -3.2961242
21491 -3.3052044
21524 -3.3188248
21556 -3.3052044
21585 -3.359686
21615 -3.3324451
21645 -3.2961242
21675 -3.2688835
21705 -3.323365
21737 -3.3097446
21774 -3.291584
21806 -3.3052044
21863 -3.291584
21895 -3.3188248
21925 -3.3188248
21955 -3.3324451
21985 -3.3324451
22015 -3.2961242
22046 -3.255263
22075 -3.2280223
22144 -3.291584
22147 -3.3188248
22158 -3.3188248
22188 -3.291584
22220 -3.2688835
22251 -3.3188248
22313 -3.3324451
22345 -3.3097446
22375 -3.2688835
22405 -3.259803
22435 -3.2461827
22465 -3.214402
22495 -3.2416427
22525 -3.2688835
22555 -3.2461827
22585 -3.2325623
22615 -3.2643433
22646 -3.2688835
22676 -3.259803
22705 -3.3052044
22735 -3.323365
22765 -3.3369853
22796 -3.3097446
22825 -3.2825038
22935 -3.3188248
22939 -3.2825038
22941 -3.3324451
22944 -3.3687658
22968 -3.3460655
23001 -3.2825038
23031 -3.359686
23061 -3.3052044
23091 -3.2461827
23124 -3.2461827
23156 -3.3142846
23185 -3.4368677
23215 -3.4232473
23245 -3.2825038
23275 -3.1917012
23306 -3.3052044
23335 -3.359686
23365 -3.327905
23395 -3.2961242
23425 -3.3052044
23455 -3.3188248
23485 -3.359686
23516 -3.3188248
23545 -3.3188248
23575 -3.3324451
23659 -3.3097446
23661 -3.3188248
23664 -3.3324451
23688 -3.3324451
23721 -3.3415253
23751 -3.368766
23781 -3.400547
23811 -3.3460655
23843 -3.3097446
23875 -3.3324451
23905 -3.3415253
23935 -3.3551457
23993 -3.3415253
24053 -3.3823862
24085 -3.3415253
24143 -3.368766
24175 -3.3551457
24205 -3.3687658
24236 -3.3324451
24265 -3.2825038
24296 -3.3188248
24323 -3.3324451
24353 -3.327905
24383 -3.3188248
24495 -3.3324451
24499 -3.3369853
24501 -3.3324451
24504 -3.3097446
24528 -3.3097446
24561 -3.3188248
24591 -3.3052044
24621 -3.323365
24651 -3.3324451
24683 -3.323365
24715 -3.3460655
24748 -3.3188248
24773 -3.2961242
24803 -3.3324451
24863 -3.3188248
24893 -3.3097446
24952 -3.2961242
24983 -3.3097446
25013 -3.291584
25043 -3.2961242
25076 -3.291584
25103 -3.3188248
25133 -3.2688835
25163 -3.2825038
25193 -3.2688835
25300 -3.2961242
25303 -3.2688835
25308 -3.2688835
25314 -3.2961242
25338 -3.2825038
25404 -3.2825038
25435 -3.2688835
25465 -3.2779636
25495 -3.2961242
25525 -3.2961242
25583 -3.2688835
25615 -3.2825038
25645 -3.2688835
25676 -3.2688835
25705 -3.2825038
25735 -3.3097446
25766 -3.2688835
25796 -3.255263
25825 -3.291584
25856 -3.291584
25885 -3.2961242
25915 -3.2825038
25945 -3.3097446
25975 -3.255263
26006 -3.255263
26068 -3.2688835
26072 -3.2825038
26088 -3.2961242
26121 -3.255263
26150 -3.2961242
26181 -3.2461827
26211 -3.2325623
26244 -3.2325623
26275 -3.255263
26306 -3.3097446
26336 -3.2825038
26365 -3.2325623
26395 -3.255263
26426 -3.2779636
26455 -3.2688835
26485 -3.2280223
26515 -3.291584
26545 -3.2961242
26575 -3.2416427
26605 -3.2688835
26635 -3.255263
26665 -3.255263
26695 -3.2688835
26725 -3.255263
26822 -3.2825038
26824 -3.2416427
26826 -3.2688835
26838 -3.2688835
26868 -3.255263
26933 -3.255263
26965 -3.2416427
26996 -3.2688835
27026 -3.2416427
27055 -3.214402
27086 -3.2416427
27115 -3.255263
27145 -3.2280223
27175 -3.2416427
27205 -3.2688835
27235 -3.2688835
27265 -3.2416427
27296 -3.2280223
27325 -3.1780808
27355 -3.2416427
27385 -3.2961242
27415 -3.2688835
27445 -3.255263
27476 -3.259803
27506 -3.255263
27582 -3.2825038
27588 -3.3052044
27593 -3.2961242
27618 -3.3097446
27651 -3.2825038
27686 -3.2688835
27716 -3.2416427
27777 -3.214402
27806 -3.214402
27819 -3.2416427
27849 -3.2416427
27901 -3.2280223
27934 -3.2688835
27963 -3.3097446
27993 -3.2961242
28023 -3.2825038
28053 -3.3052044
28083 -3.2961242
28113 -3.255263
28143 -3.2416427
28173 -3.255263
28205 -3.2825038
28233 -3.255263
28263 -3.255263
28355 -3.255263
28358 -3.2825038
28361 -3.255263
28378 -3.255263
28411 -3.255263
28440 -3.2961242
28471 -3.2688835
28501 -3.2961242
28534 -3.3052044
28566 -3.3097446
28596 -3.2688835
28626 -3.2416427
28655 -3.218942
28685 -3.218942
28716 -3.2688835
28745 -3.3324451
28775 -3.3551455
28806 -3.3188245
28836 -3.2053216
28865 -3.205322
28896 -3.2053216
28925 -3.2416427
28955 -3.255263
28986 -3.2280223
29016 -3.214402
29112 -3.2416427
29114 -3.255263
29116 -3.2825038
29129 -3.2688835
29159 -3.2688835
29189 -3.255263
29221 -3.2416427
29254 -3.218942
29285 -3.2461827
29316 -3.2688835
29346 -3.291584
29376 -3.2825038
29406 -3.2325623
29436 -3.291584
29465 -3.3188248
29496 -3.255263
29525 -3.2416427
29555 -3.2961242
29585 -3.2416427
29616 -3.3097446
29646 -3.2961242
29703 -3.2825038
29735 -3.291584
29765 -3.2825038
29870 -3.3188248
29872 -3.2688835
29878 -3.3052044
29883 -3.2961242
29908 -3.2688835
29940 -3.3097446
29975 -3.2961242
