908 -11.3321295
915 -11.032481
917 -10.310603
919 -9.112013
922 -8.19945
924 -8.267551
926 -9.275456
929 -10.038197
931 -10.079058
933 -9.765789
977 -9.575105
981 -9.615966
983 -9.615966
985 -9.765789
987 -9.997335
990 -9.466142
992 -9.043911
997 -9.275456
999 -9.493382
1001 -9.343558
1004 -8.771504
1006 -8.117727
1008 -8.117727
1011 -8.349273
1014 -8.117727
1016 -7.504812
1018 -7.43671
1020 -7.7363577
1022 -8.049625
1027 -8.117727
1048 -8.158588
1050 -8.267551
1052 -8.117727
1059 -7.7772183
1074 -7.7363577
1134 -8.049625
1136 -8.076866
1148 -7.8589406
1179 -8.076866
1209 -9.043911
1246 -10.106298
1274 -10.841797
1299 -10.882658
1330 -9.997335
1364 -8.853226
1394 -8.662541
1423 -8.921328
1454 -8.880466
1484 -8.662541
1513 -8.730643
1544 -9.00305
1573 -9.302697
1603 -9.575105
1633 -9.765789
1664 -9.888372
1689 -9.80665
1720 -9.615966
1749 -9.575105
1781 -9.275456
1814 -9.00305
1913 -9.234595
1916 -9.343558
1918 -9.425281
1929 -9.466142
1959 -9.425281
1989 -9.493382
2020 -9.534244
2070 -9.697687
2091 -9.425281
2118 -9.152874
2149 -9.043911
2181 -9.152874
2213 -9.302697
2243 -9.466142
2279 -9.80665
2313 -10.528529
2343 -9.997335
2374 -9.615966
2407 -9.888372
2445 -10.310603
2473 -9.997335
2512 -9.343558
2544 -9.043911
2573 -9.234595
2604 -9.493382
2674 -9.493382
2677 -9.575105
2688 -9.575105
2718 -9.847511
2749 -9.847511
2781 -9.575105
2814 -9.112013
2844 -8.539958
2874 -8.158588
2943 -8.117727
2974 -8.471856
3000 -8.962189
3022 -9.112013
3038 -8.921328
3069 -8.499097
3101 -8.267551
3133 -8.308413
3165 -8.430995
3191 -8.62168
3221 -9.112013
3252 -10.106298
3282 -10.7192135
3313 -9.80665
3345 -8.580819
3375 -8.471856
3472 -8.962189
3475 -9.493382
3477 -9.534244
3489 -9.343558
3518 -9.302697
3553 -9.343558
3582 -9.302697
3612 -9.384419
3642 -9.466142
3689 -9.493382
3711 -9.466142
3742 -9.302697
3778 -9.575105
3811 -9.466142
3841 -9.425281
3871 -9.302697
3894 -9.425281
3924 -9.384419
3956 -9.343558
4010 -9.466142
4012 -9.425281
4038 -9.302697
4069 -9.343558
4100 -9.466142
4134 -9.466142
4232 -9.302697
4234 -9.384419
4236 -9.275456
4249 -9.302697
4279 -9.343558
4309 -9.343558
4341 -9.384419
4373 -9.425281
4405 -9.384419
4435 -9.302697
4465 -9.275456
4548 -9.343558
4582 -9.302697
4609 -9.343558
4641 -9.466142
4671 -9.466142
4701 -9.384419
4731 -9.384419
4764 -9.425281
4795 -9.425281
4826 -9.384419
4853 -9.466142
4883 -9.466142
4913 -9.425281
4943 -9.343558
5057 -9.425281
5059 -9.466142
5061 -9.425281
5064 -9.384419
5088 -9.384419
5121 -9.466142
5151 -9.425281
5181 -9.425281
5211 -9.425281
5243 -9.425281
5275 -9.384419
5305 -9.425281
5335 -9.425281
5365 -9.425281
5393 -9.466142
5423 -9.575105
5455 -9.152874
5485 -9.193735
5516 -9.615966
5543 -9.534244
5573 -9.425281
5603 -9.384419
5633 -9.343558
5663 -9.425281
5693 -9.343558
5785 -9.425281
5787 -9.384419
5791 -9.425281
5808 -9.534244
5841 -9.493382
5870 -9.493382
5901 -9.234595
5931 -9.343558
5964 -9.493382
5995 -9.534244
6025 -9.466142
6055 -9.493382
6086 -9.534244
6115 -9.466142
6145 -9.384419
6187 -9.343558
6213 -9.343558
6246 -9.384419
6275 -9.384419
6305 -9.384419
6335 -9.384419
6365 -9.302697
6395 -9.384419
6425 -9.466142
6455 -9.466142
6545 -9.343558
6547 -9.343558
6551 -9.466142
6568 -9.425281
6603 -9.384419
6631 -9.425281
6661 -9.384419
6701 -9.466142
6733 -9.466142
6764 -9.466142
6794 -9.384419
6825 -9.384419
6856 -9.425281
6888 -9.343558
6913 -9.384419
6944 -9.425281
6973 -9.425281
7005 -9.343558
7036 -9.384419
7065 -9.425281
7095 -9.384419
7125 -9.384419
7155 -9.384419
7185 -9.384419
7215 -9.384419
7311 -9.343558
7314 -9.343558
7322 -9.343558
7348 -9.343558
7379 -9.425281
7411 -9.425281
7444 -9.384419
7476 -9.302697
7505 -9.302697
7535 -9.302697
7565 -9.343558
7623 -9.343558
7654 -9.343558
7685 -9.343558
7715 -9.384419
7745 -9.384419
7776 -9.425281
7805 -9.384419
7835 -9.302697
7865 -9.302697
7895 -9.425281
7925 -9.425281
7956 -9.384419
7985 -9.384419
8015 -9.384419
8105 -9.343558
8107 -9.384419
8111 -9.384419
8128 -9.343558
8160 -9.343558
8190 -9.343558
8221 -9.384419
8251 -9.425281
8284 -9.343558
8313 -9.302697
8346 -9.384419
8375 -9.384419
8405 -9.384419
8435 -9.343558
8466 -9.302697
8495 -9.343558
8525 -9.343558
8555 -9.343558
8586 -9.384419
8615 -9.343558
8673 -9.302697
8705 -9.302697
8735 -9.343558
8793 -9.302697
8824 -9.343558
8937 -9.384419
8939 -9.343558
8942 -9.343558
8944 -9.343558
8968 -9.343558
9001 -9.302697
9030 -9.343558
9061 -9.384419
9091 -9.343558
9124 -9.343558
9155 -9.343558
9185 -9.343558
9215 -9.343558
9245 -9.302697
9275 -9.343558
9305 -9.384419
9335 -9.343558
9365 -9.275456
9395 -9.302697
9425 -9.343558
9456 -9.302697
9485 -9.343558
9538 -9.302697
9568 -9.343558
9629 -9.343558
9747 -9.343558
9750 -9.343558
9752 -9.343558
9760 -9.343558
9820 -9.343558
9853 -9.343558
9885 -9.343558
9915 -9.343558
9945 -9.343558
9975 -9.343558
10005 -9.384419
10035 -9.384419
10066 -9.425281
10096 -9.384419
10125 -9.343558
10155 -9.343558
10185 -9.343558
10215 -9.384419
10246 -9.384419
10276 -9.343558
10305 -9.384419
10335 -9.384419
10365 -9.343558
10395 -9.302697
10423 -9.384419
10535 -9.384419
10539 -9.343558
10541 -9.343558
10544 -9.302697
10568 -9.343558
10601 -9.384419
10663 -9.343558
10695 -9.343558
10725 -9.343558
10755 -9.343558
10786 -9.384419
10815 -9.384419
10845 -9.343558
10875 -9.343558
10905 -9.343558
10935 -9.343558
10965 -9.343558
10995 -9.343558
11025 -9.343558
11055 -9.384419
11086 -9.425281
11116 -9.384419
11146 -9.343558
11175 -9.343558
11205 -9.384419
11302 -9.343558
11304 -9.343558
11307 -9.343558
11318 -9.384419
11348 -9.384419
11379 -9.343558
11411 -9.343558
11444 -9.384419
11476 -9.425281
11506 -9.384419
11536 -9.343558
11565 -9.425281
11595 -9.425281
11626 -9.343558
11655 -9.302697
11685 -9.343558
11716 -9.425281
11746 -9.384419
11776 -9.343558
11805 -9.343558
11835 -9.384419
11865 -9.384419
11895 -9.384419
11926 -9.384419
11956 -9.425281
12025 -9.384419
12027 -9.343558
12038 -9.384419
12068 -9.343558
12099 -9.343558
12131 -9.384419
12163 -9.384419
12195 -9.425281
12225 -9.425281
12256 -9.343558
12283 -9.384419
12316 -9.384419
12343 -9.384419
12373 -9.425281
12403 -9.384419
12433 -9.384419
12493 -9.425281
12523 -9.384419
12556 -9.384419
12583 -9.343558
12613 -9.384419
12673 -9.384419
12703 -9.343558
12733 -9.384419
12825 -9.343558
12828 -9.343558
12832 -9.384419
12848 -9.384419
12881 -9.384419
12910 -9.343558
12941 -9.343558
12971 -9.384419
13004 -9.425281
13035 -9.343558
13065 -9.343558
13096 -9.384419
13125 -9.384419
13155 -9.384419
13185 -9.343558
13215 -9.384419
13245 -9.384419
13275 -9.384419
13306 -9.343558
13335 -9.343558
13365 -9.343558
13395 -9.384419
13425 -9.384419
13456 -9.384419
13486 -9.343558
13582 -9.384419
13584 -9.343558
13586 -9.343558
13599 -9.343558
13628 -9.425281
13660 -9.343558
13691 -9.343558
13724 -9.302697
13753 -9.343558
13813 -9.343558
13845 -9.384419
13875 -9.384419
13905 -9.343558
13935 -9.343558
13993 -9.343558
14025 -9.343558
14055 -9.384419
14086 -9.384419
14115 -9.425281
14146 -9.343558
14175 -9.343558
14233 -9.343558
14294 -9.384419
14325 -9.425281
14353 -9.384419
14426 -9.343558
14428 -9.343558
14438 -9.343558
14469 -9.343558
14499 -9.343558
14531 -9.343558
14564 -9.384419
14623 -9.384419
14655 -9.343558
14683 -9.343558
14713 -9.343558
14743 -9.384419
14773 -9.343558
14803 -9.343558
14833 -9.343558
14863 -9.343558
14893 -9.384419
14923 -9.384419
14953 -9.343558
14983 -9.302697
15016 -9.384419
15045 -9.425281
15076 -9.384419
15105 -9.384419
15217 -9.343558
15219 -9.343558
15222 -9.384419
15224 -9.384419
15249 -9.384419
15281 -9.384419
15311 -9.343558
15341 -9.384419
15371 -9.425281
15404 -9.425281
15433 -9.384419
15463 -9.343558
15493 -9.384419
15523 -9.343558
15556 -9.343558
15586 -9.384419
15613 -9.384419
15643 -9.384419
15673 -9.384419
15712 -9.343558
15735 -9.384419
15764 -9.384419
15795 -9.343558
15823 -9.343558
15853 -9.343558
15945 -9.343558
15947 -9.343558
15951 -9.343558
15969 -9.343558
16001 -9.343558
16030 -9.302697
16061 -9.384419
16091 -9.343558
16124 -9.343558
16155 -9.384419
16186 -9.425281
16216 -9.384419
16245 -9.343558
16275 -9.384419
16306 -9.425281
16335 -9.384419
16366 -9.343558
16395 -9.384419
16453 -9.343558
16485 -9.384419
16515 -9.384419
16545 -9.343558
16575 -9.384419
16605 -9.384419
16635 -9.343558
16704 -9.384419
16718 -9.384419
16748 -9.343558
16780 -9.384419
16811 -9.384419
16843 -9.384419
16876 -9.343558
16905 -9.343558
16935 -9.384419
16966 -9.384419
16996 -9.425281
17025 -9.425281
17055 -9.384419
17086 -9.384419
17143 -9.384419
17175 -9.425281
17206 -9.384419
17235 -9.302697
17266 -9.384419
17296 -9.425281
17326 -9.343558
17355 -9.343558
17385 -9.343558
17415 -9.343558
17505 -9.343558
17507 -9.384419
17511 -9.343558
17528 -9.343558
17561 -9.384419
17590 -9.384419
17621 -9.425281
17651 -9.384419
17683 -9.384419
17715 -9.384419
17746 -9.384419
17775 -9.384419
17805 -9.302697
17836 -9.343558
17865 -9.343558
17896 -9.425281
17925 -9.425281
17956 -9.384419
17986 -9.343558
18015 -9.343558
18073 -9.384419
18105 -9.302697
18133 -9.343558
18163 -9.343558
18193 -9.343558
18265 -9.343558
18267 -9.384419
18279 -9.384419
18309 -9.384419
18340 -9.343558
18371 -9.343558
18403 -9.343558
18435 -9.425281
18466 -9.384419
18523 -9.384419
18555 -9.384419
18591 -9.343558
18617 -9.302697
18645 -9.343558
18675 -9.343558
18705 -9.384419
18736 -9.302697
18765 -9.302697
18795 -9.343558
18825 -9.343558
18855 -9.302697
18885 -9.343558
18915 -9.343558
18945 -9.343558
19055 -9.384419
19059 -9.343558
19061 -9.384419
19064 -9.384419
19088 -9.425281
19122 -9.384419
19151 -9.343558
19181 -9.384419
19211 -9.343558
19243 -9.343558
19275 -9.343558
19333 -9.343558
19364 -9.384419
19396 -9.425281
19425 -9.425281
19455 -9.384419
19485 -9.384419
19515 -9.384419
19545 -9.384419
19603 -9.343558
19634 -9.384419
19665 -9.384419
19695 -9.343558
19725 -9.343558
19755 -9.384419
19893 -9.384419
19898 -9.343558
19901 -9.343558
19903 -9.384419
19928 -9.425281
19961 -9.425281
19991 -9.384419
20021 -9.343558
20051 -9.384419
20084 -9.343558
20115 -9.302697
20145 -9.384419
20175 -9.384419
20205 -9.384419
20235 -9.343558
20265 -9.384419
20295 -9.343558
20325 -9.343558
20355 -9.384419
20385 -9.343558
20415 -9.384419
20473 -9.384419
20505 -9.384419
20535 -9.343558
20625 -9.343558
20628 -9.384419
20631 -9.343558
20648 -9.343558
20682 -9.343558
20710 -9.302697
20741 -9.384419
20771 -9.425281
20804 -9.384419
20836 -9.384419
20865 -9.384419
20895 -9.384419
20926 -9.343558
20956 -9.384419
20985 -9.384419
21015 -9.384419
21045 -9.425281
21075 -9.425281
21105 -9.425281
21135 -9.343558
21165 -9.343558
21196 -9.384419
21225 -9.384419
21255 -9.384419
21285 -9.343558
21382 -9.343558
21384 -9.343558
21386 -9.343558
21398 -9.343558
21428 -9.343558
21460 -9.384419
21491 -9.384419
21524 -9.302697
21556 -9.384419
21585 -9.425281
21615 -9.343558
21645 -9.425281
21675 -9.384419
21705 -9.384419
21737 -9.384419
21774 -9.343558
21806 -9.384419
21863 -9.425281
21895 -9.425281
21925 -9.384419
21955 -9.425281
21985 -9.384419
22015 -9.343558
22046 -9.343558
22075 -9.343558
22144 -9.343558
22147 -9.343558
22158 -9.384419
22188 -9.343558
22220 -9.343558
22251 -9.343558
22313 -9.384419
22345 -9.384419
22375 -9.384419
22405 -9.384419
22435 -9.384419
22465 -9.302697
22495 -9.384419
22525 -9.384419
22555 -9.384419
22585 -9.384419
22615 -9.343558
22646 -9.384419
22676 -9.384419
22705 -9.384419
22735 -9.384419
22765 -9.425281
22796 -9.425281
22825 -9.384419
22935 -9.384419
22939 -9.425281
22941 -9.384419
22944 -9.302697
22968 -9.384419
23001 -9.302697
23031 -9.384419
23061 -9.302697
23091 -9.275456
23124 -9.466142
23156 -9.493382
23185 -9.275456
23215 -9.234595
23245 -9.384419
23275 -9.466142
23306 -9.384419
23335 -9.275456
23365 -9.343558
23395 -9.425281
23425 -9.425281
23455 -9.302697
23485 -9.343558
23516 -9.384419
23545 -9.384419
23575 -9.384419
23659 -9.425281
23661 -9.425281
23664 -9.384419
23688 -9.384419
23721 -9.384419
23751 -9.343558
23781 -9.425281
23811 -9.384419
23843 -9.343558
23875 -9.384419
23905 -9.343558
23935 -9.343558
23993 -9.343558
24053 -9.343558
24085 -9.343558
24143 -9.384419
24175 -9.343558
24205 -9.343558
24236 -9.384419
24265 -9.302697
24296 -9.343558
24323 -9.343558
24353 -9.343558
24383 -9.343558
24495 -9.384419
24499 -9.425281
24501 -9.384419
24504 -9.425281
24528 -9.425281
24561 -9.384419
24591 -9.343558
24621 -9.384419
24651 -9.384419
24683 -9.384419
24715 -9.425281
24748 -9.384419
24773 -9.343558
24803 -9.343558
24863 -9.384419
24893 -9.384419
24952 -9.343558
24983 -9.425281
25013 -9.343558
25043 -9.343558
25076 -9.343558
25103 -9.425281
25133 -9.384419
25163 -9.343558
25193 -9.343558
25300 -9.425281
25303 -9.425281
25308 -9.343558
25314 -9.343558
25338 -9.384419
25404 -9.384419
25435 -9.384419
25465 -9.384419
25495 -9.384419
25525 -9.343558
25583 -9.384419
25615 -9.384419
25645 -9.384419
25676 -9.384419
25705 -9.384419
25735 -9.425281
25766 -9.384419
25796 -9.343558
25825 -9.384419
25856 -9.343558
25885 -9.343558
25915 -9.343558
25945 -9.425281
25975 -9.384419
26006 -9.343558
26068 -9.302697
26072 -9.384419
26088 -9.466142
26121 -9.343558
26150 -9.275456
26181 -9.275456
26211 -9.425281
26244 -9.425281
26275 -9.302697
26306 -9.343558
26336 -9.466142
26365 -9.425281
26395 -9.343558
26426 -9.302697
26455 -9.425281
26485 -9.425281
26515 -9.343558
26545 -9.302697
26575 -9.302697
26605 -9.384419
26635 -9.384419
26665 -9.343558
26695 -9.343558
26725 -9.384419
26822 -9.384419
26824 -9.384419
26826 -9.384419
26838 -9.343558
26868 -9.384419
26933 -9.384419
26965 -9.343558
26996 -9.384419
27026 -9.384419
27055 -9.384419
27086 -9.384419
27115 -9.384419
27145 -9.343558
27175 -9.343558
27205 -9.466142
27235 -9.425281
27265 -9.302697
27296 -9.343558
27325 -9.343558
27355 -9.425281
27385 -9.425281
27415 -9.425281
27445 -9.425281
27476 -9.384419
27506 -9.384419
27582 -9.425281
27588 -9.384419
27593 -9.343558
27618 -9.384419
27651 -9.425281
27686 -9.425281
27716 -9.343558
27777 -9.384419
27806 -9.302697
27819 -9.343558
27849 -9.384419
27901 -9.343558
27934 -9.343558
27963 -9.384419
27993 -9.425281
28023 -9.343558
28053 -9.384419
28083 -9.384419
28113 -9.384419
28143 -9.384419
28173 -9.384419
28205 -9.384419
28233 -9.384419
28263 -9.384419
28355 -9.384419
28358 -9.425281
28361 -9.425281
28378 -9.384419
28411 -9.343558
28440 -9.425281
28471 -9.384419
28501 -9.384419
28534 -9.343558
28566 -9.384419
28596 -9.384419
28626 -9.384419
28655 -9.425281
28685 -9.384419
28716 -9.384419
28745 -9.384419
28775 -9.302697
28806 -9.302697
28836 -9.302697
28865 -9.466142
28896 -9.384419
28925 -9.302697
28955 -9.343558
28986 -9.384419
29016 -9.343558
29112 -9.343558
29114 -9.384419
29116 -9.384419
29129 -9.343558
29159 -9.343558
29189 -9.343558
29221 -9.343558
29254 -9.384419
29285 -9.384419
29316 -9.384419
29346 -9.343558
29376 -9.384419
29406 -9.425281
29436 -9.384419
29465 -9.384419
29496 -9.384419
29525 -9.343558
29555 -9.343558
29585 -9.343558
29616 -9.425281
29646 -9.384419
29703 -9.343558
29735 -9.343558
29765 -9.343558
29870 -9.343558
29872 -9.343558
29878 -9.343558
29883 -9.384419
29908 -9.384419
29940 -9.425281
29975 -9.425281
