35 -0.38136974
46 -0.42223078
56 -0.3405087
65 -0.38136974
72 -0.42223078
77 -0.3405087
79 -0.38136974
82 -0.38136974
86 -0.3405087
90 -0.42223078
95 -0.38136974
100 -0.46309182
106 -0.42223078
111 -0.38136974
116 -0.42223078
122 -0.38136974
127 -0.38136974
132 -0.42223078
137 -0.46309182
143 -0.38136974
148 -0.42223078
153 -0.42223078
159 -0.38136974
164 -0.38136974
169 -0.42223078
175 -0.42223078
180 -0.42223078
185 -0.42223078
190 -0.42223078
196 -0.46309182
201 -0.42223078
206 -0.46309182
212 -0.46309182
217 -0.38136974
222 -0.42223078
228 -0.38136974
233 -0.42223078
238 -0.38136974
243 -0.38136974
249 -0.38136974
254 -0.38136974
259 -0.38136974
264 -0.27240697
270 -0.23154591
275 -0.38136974
281 -0.19068487
286 0.23154591
292 1.2258313
297 2.1792557
302 2.7649305
356 3.5957718
356 4.5628166
358 4.5219555
360 4.3312707
364 3.718355
367 2.3426998
373 -0.040861044
378 -1.1849703
383 -3.1054392
388 -6.0882955
393 -6.469665
399 -6.3607025
403 -3.5957718
405 -1.4982382
408 -0.7627395
413 -0.42223078
418 -0.38136974
423 -0.29964766
428 -0.42223078
434 -0.3405087
439 -0.3405087
444 -0.3405087
449 -0.3405087
454 -0.38136974
459 -0.38136974
465 -0.29964766
470 -0.3405087
475 -0.3405087
480 -0.3405087
485 -0.3405087
491 -0.3405087
496 -0.3405087
501 -0.38136974
506 -0.3405087
511 -0.3405087
516 -0.38136974
522 -0.3405087
527 -0.3405087
532 -0.3405087
537 -0.29964766
543 -0.38136974
548 -0.38136974
553 -0.38136974
558 -0.38136974
563 -0.19068487
569 -0.29964766
574 -0.38136974
579 -0.3405087
584 -0.42223078
589 -0.7218784
595 -0.7218784
600 -0.7627395
605 -0.61291564
610 -0.10896278
615 0.50395286
620 0.50395286
626 0.3405087
631 0.10896278
636 -0.23154591
641 -0.46309182
647 -1.0760075
652 -0.95342433
657 -0.0
662 0.42223078
667 0.313268
672 0.040861044
678 -0.53119355
683 -0.5720546
688 -0.3405087
693 -0.29964766
699 -0.3405087
704 -0.3405087
709 -0.3405087
714 -0.38136974
720 -0.3405087
725 -0.3405087
730 -0.38136974
735 -0.3405087
741 -0.38136974
746 -0.38136974
751 -0.38136974
756 -0.38136974
762 -0.38136974
767 -0.38136974
772 -0.46309182
777 -0.42223078
783 -0.46309182
788 -0.38136974
794 -0.38136974
799 -0.38136974
804 -0.42223078
809 -0.42223078
814 -0.42223078
820 -0.42223078
825 -0.38136974
830 -0.38136974
836 -0.42223078
841 -0.42223078
846 -0.42223078
852 -0.42223078
857 -0.38136974
862 -0.38136974
867 -0.42223078
873 -0.38136974
878 -0.46309182
883 -0.46309182
889 -0.46309182
894 -0.42223078
899 -0.42223078
905 -0.46309182
910 -0.42223078
915 -0.46309182
968 -0.42223078
968 -0.42223078
970 -0.42223078
972 -0.42223078
975 -0.42223078
979 -0.42223078
984 -0.38136974
989 -0.42223078
995 -0.42223078
1000 -0.3405087
1005 -0.27240697
1013 -0.61291564
1019 -0.42223078
1026 -0.46309182
1033 -0.29964766
1039 -0.46309182
1044 -0.38136974
1050 -0.3405087
1055 -0.50395286
1060 -0.5720546
1065 -0.53119355
1072 -0.46309182
1079 -0.42223078
1084 -0.42223078
1089 -0.46309182
1094 -0.42223078
1100 -0.42223078
1105 -0.46309182
1112 -0.50395286
1118 -0.38136974
1123 -0.42223078
1131 -0.46309182
1137 -0.42223078
1143 -0.42223078
1149 -0.38136974
1154 -0.42223078
1159 -0.42223078
1164 -0.38136974
1170 -0.38136974
1175 -0.3405087
1180 -0.42223078
1187 -0.38136974
1194 -0.3405087
1200 -0.46309182
1205 -0.19068487
1212 -0.38136974
1218 -0.29964766
1226 -0.29964766
1231 -0.10896278
1239 -0.08172209
1245 -0.53119355
1251 -0.95342433
1256 -0.19068487
1263 0.313268
1269 0.23154591
1275 -0.23154591
1282 -0.38136974
1289 -0.3405087
1295 0.08172209
1300 1.2258313
1307 1.4982382
1314 1.3075534
1319 0.92618364
1326 0.46309182
1332 -0.38136974
1338 -0.3405087
1343 -0.19068487
1349 -0.8036005
1354 -0.8036005
1359 -0.42223078
1364 -0.040861044
1371 0.6946377
1378 1.1168685
1383 1.2666923
1388 0.92618364
1393 0.88532263
1398 0.6946377
1404 0.6537767
1409 0.84446156
1414 0.95342433
1419 1.1849703
1424 0.84446156
1430 0.53119355
1435 0.7627395
1440 1.0760075
1445 0.95342433
1448 0.8036005
1453 0.5720546
1455 0.42223078
1457 0.53119355
1460 0.53119355
1464 0.7218784
1469 0.6946377
1474 0.46309182
1479 0.50395286
1485 0.88532263
1490 0.95342433
1495 0.88532263
1500 0.5720546
1505 0.38136974
1510 0.313268
1516 0.23154591
1521 0.3405087
1526 0.38136974
1591 0.313268
1591 0.10896278
1593 0.14982383
1595 0.23154591
1597 0.3405087
1600 0.3405087
1606 0.14982383
1611 0.08172209
1616 -0.040861044
1621 -0.27240697
1626 -0.42223078
1632 -0.38136974
1637 -0.08172209
1642 -0.14982383
1648 -0.040861044
1655 -0.08172209
1661 -0.38136974
1666 -0.27240697
1673 -0.42223078
1680 -0.88532263
1687 -0.9125633
1693 -1.1168685
1698 -1.0351465
1704 -0.95342433
1711 -1.2666923
1717 -1.3756552
1722 -1.0760075
1728 -1.0760075
1733 -1.607201
1738 0.46309182
1745 -1.2258313
1752 -0.84446156
1759 -0.08172209
1765 0.27240697
1772 0.27240697
1777 0.23154591
1784 0.42223078
1791 0.14982383
1797 -0.19068487
1802 0.040861044
1809 0.42223078
1816 0.38136974
1822 0.53119355
1827 0.7627395
1833 0.53119355
1840 0.50395286
1846 0.6946377
1852 0.50395286
1860 0.27240697
1866 0.10896278
1872 0.23154591
1879 0.19068487
1886 0.10896278
1893 -0.14982383
1899 -0.10896278
1906 0.14982383
1912 0.08172209
1918 -0.08172209
1923 -0.14982383
1928 -0.29964766
1935 -0.3405087
1942 -0.29964766
1949 -0.3405087
1955 -0.38136974
1960 -0.38136974
1967 -0.3405087
1973 -0.38136974
1979 -0.42223078
1984 -0.42223078
1989 -0.42223078
1996 -0.46309182
2003 -0.46309182
2010 -0.42223078
2016 -0.46309182
2023 -0.42223078
2030 -0.42223078
2036 -0.46309182
2043 -0.42223078
2049 -0.46309182
2056 -0.46309182
2063 -0.42223078
2069 -0.46309182
2074 -0.42223078
2079 -0.38136974
2086 -0.46309182
2093 -0.42223078
2100 -0.46309182
2106 -0.42223078
2113 -0.38136974
2120 -0.42223078
2126 -0.46309182
2131 -0.42223078
2136 -0.46309182
2142 -0.42223078
2149 -0.46309182
2155 -0.42223078
2162 -0.42223078
2169 -0.46309182
2175 -0.42223078
2181 -0.46309182
2246 -0.46309182
2247 -0.42223078
2249 -0.38136974
2251 -0.42223078
2253 -0.42223078
2258 -0.42223078
2264 -0.42223078
2271 -0.42223078
2277 -0.46309182
2283 -0.42223078
2288 -0.42223078
2293 -0.38136974
2298 -0.42223078
2304 -0.42223078
2309 -0.42223078
2314 -0.42223078
2321 -0.42223078
2327 -0.42223078
2333 -0.46309182
2338 -0.42223078
2345 -0.42223078
2352 -0.42223078
2358 -0.42223078
2365 -0.42223078
2370 -0.42223078
2375 -0.38136974
2382 -0.42223078
2389 -0.42223078
2395 -0.42223078
2401 -0.42223078
2407 -0.42223078
2414 -0.42223078
2420 -0.46309182
2425 -0.42223078
2430 -0.38136974
2438 -0.38136974
2444 -0.38136974
2451 -0.38136974
2457 -0.3405087
2463 -0.38136974
2469 -0.42223078
2474 -0.42223078
2479 -0.38136974
2486 -0.38136974
2492 -0.42223078
2500 -0.38136974
2506 -0.46309182
2511 -0.42223078
2518 -0.42223078
2525 -0.42223078
2532 -0.42223078
2538 -0.42223078
2545 -0.38136974
2551 -0.38136974
2556 -0.38136974
2563 -0.38136974
2569 -0.38136974
2577 -0.46309182
2583 -0.42223078
2590 -0.38136974
2596 -0.42223078
2604 -0.38136974
2610 -0.38136974
2617 -0.42223078
2623 -0.42223078
2630 -0.42223078
2637 -0.42223078
2644 -0.42223078
2650 -0.42223078
2655 -0.42223078
2662 -0.42223078
2669 -0.42223078
2675 -0.46309182
2680 -0.42223078
2686 -0.42223078
2693 -0.38136974
2699 -0.42223078
2704 -0.42223078
2709 -0.46309182
2715 -0.42223078
2722 -0.42223078
2728 -0.42223078
2735 -0.42223078
2740 -0.42223078
2745 -0.42223078
2750 -0.42223078
2757 -0.42223078
2764 -0.38136974
2769 -0.42223078
2774 -0.46309182
2779 -0.42223078
2786 -0.42223078
2792 -0.46309182
2798 -0.46309182
2803 -0.42223078
2810 -0.46309182
2816 -0.46309182
2822 -0.46309182
2829 -0.46309182
2882 -0.42223078
2882 -0.38136974
2884 -0.42223078
2890 -0.42223078
2898 -0.42223078
2904 -0.38136974
2910 -0.42223078
2916 -0.42223078
2923 -0.42223078
2929 -0.42223078
2937 -0.42223078
2943 -0.42223078
2948 -0.42223078
2953 -0.42223078
2961 -0.38136974
2967 -0.42223078
2974 -0.38136974
2980 -0.42223078
2986 -0.46309182
2991 -0.42223078
2996 -0.42223078
3003 -0.42223078
3009 -0.46309182
3015 -0.42223078
3022 -0.42223078
3028 -0.46309182
3035 -0.42223078
3041 -0.42223078
3048 -0.38136974
3055 -0.42223078
3061 -0.42223078
3067 -0.42223078
3073 -0.38136974
3078 -0.42223078
3083 -0.42223078
3090 -0.42223078
3097 -0.38136974
3104 -0.42223078
3110 -0.46309182
3117 -0.42223078
3124 -0.38136974
3131 -0.38136974
3137 -0.42223078
3144 -0.42223078
3150 -0.38136974
3157 -0.42223078
3163 -0.46309182
3169 -0.42223078
3174 -0.46309182
3179 -0.42223078
3186 -0.42223078
3192 -0.42223078
3199 -0.42223078
3206 -0.42223078
3212 -0.42223078
3219 -0.42223078
3226 -0.42223078
3232 -0.42223078
3238 -0.38136974
3244 -0.42223078
3249 -0.42223078
3255 -0.46309182
3262 -0.46309182
3268 -0.42223078
3275 -0.42223078
3281 -0.42223078
3288 -0.42223078
3294 -0.38136974
3299 -0.38136974
3306 -0.42223078
3313 -0.42223078
3320 -0.38136974
3327 -0.42223078
3333 -0.46309182
3340 -0.42223078
3347 -0.42223078
3353 -0.42223078
3359 -0.42223078
3367 -0.42223078
3373 -0.42223078
3379 -0.42223078
3386 -0.38136974
3393 -0.38136974
3400 -0.42223078
3406 -0.42223078
3412 -0.42223078
3419 -0.38136974
3426 -0.42223078
3432 -0.42223078
3439 -0.38136974
3445 -0.42223078
3452 -0.42223078
3458 -0.42223078
3465 -0.42223078
3471 -0.42223078
3477 -0.42223078
3536 -0.42223078
3537 -0.42223078
3539 -0.46309182
3541 -0.46309182
3543 -0.46309182
3548 -0.42223078
3554 -0.42223078
3561 -0.42223078
3567 -0.46309182
3573 -0.42223078
3580 -0.42223078
3586 -0.46309182
3591 -0.42223078
3596 -0.42223078
3604 -0.38136974
3610 -0.42223078
3617 -0.42223078
3624 -0.42223078
3631 -0.38136974
3637 -0.38136974
3644 -0.38136974
3651 -0.46309182
3657 -0.42223078
3664 -0.42223078
3670 -0.46309182
3677 -0.46309182
3684 -0.46309182
3690 -0.42223078
3697 -0.42223078
3703 -0.42223078
3710 -0.38136974
3716 -0.42223078
3724 -0.42223078
3730 -0.38136974
3735 -0.42223078
3742 -0.42223078
3748 -0.42223078
3754 -0.42223078
3761 -0.42223078
3767 -0.42223078
3774 -0.42223078
3780 -0.46309182
3787 -0.42223078
3794 -0.46309182
3800 -0.42223078
3806 -0.46309182
3813 -0.42223078
3820 -0.42223078
3826 -0.42223078
3833 -0.42223078
3840 -0.42223078
3846 -0.42223078
3853 -0.42223078
3859 -0.3405087
3865 -0.42223078
3871 -0.42223078
3876 -0.46309182
3883 -0.42223078
3890 -0.42223078
3896 -0.46309182
3903 -0.42223078
3909 -0.42223078
3914 -0.42223078
3922 -0.46309182
3928 -0.42223078
3935 -0.46309182
3942 -0.42223078
3948 -0.42223078
3955 -0.46309182
3961 -0.46309182
3968 -0.42223078
3974 -0.46309182
3980 -0.42223078
3987 -0.6946377
3993 -0.46309182
4000 -0.5720546
4006 -0.38136974
4014 -0.38136974
4020 -0.42223078
4027 -0.46309182
4033 -0.42223078
4040 -0.38136974
4047 -0.42223078
4053 -0.42223078
4060 -0.46309182
4066 -0.42223078
4071 -0.42223078
4077 -0.38136974
4082 -0.42223078
4089 -0.42223078
4095 -0.42223078
4101 -0.42223078
4106 -0.42223078
4113 -0.46309182
4120 -0.46309182
4126 -0.42223078
4181 -0.42223078
4183 -0.42223078
4185 -0.38136974
4190 -0.46309182
4196 -0.46309182
4203 -0.46309182
4209 -0.42223078
4215 -0.42223078
4220 -0.29964766
4225 -0.46309182
4233 -0.53119355
4239 -0.50395286
4244 -0.42223078
4251 -0.42223078
4257 -0.46309182
4265 -0.42223078
4271 -0.38136974
4277 -0.42223078
4283 -0.42223078
4290 -0.38136974
4296 -0.42223078
4303 -0.42223078
4309 -0.3405087
4315 -0.29964766
4320 -0.29964766
4325 -0.27240697
4330 -0.27240697
4338 -0.29964766
4344 -0.29964766
4349 -0.29964766
4354 -0.23154591
4361 -0.27240697
4367 -0.38136974
4372 -0.3405087
4378 -0.38136974
4383 -0.42223078
4388 -0.3405087
4393 -0.3405087
4398 -0.3405087
4404 -0.3405087
4409 -0.3405087
4414 -0.29964766
4421 -0.29964766
4428 -0.27240697
4434 -0.27240697
4441 -0.27240697
4447 -0.29964766
4452 -0.3405087
4457 -0.38136974
4465 -0.42223078
4471 -0.46309182
4476 -0.46309182
4481 -0.38136974
4487 -0.42223078
4489 -0.38136974
4491 -0.46309182
4496 -0.29964766
4500 -0.23154591
4506 -0.42223078
4512 -0.42223078
4518 -0.3405087
4524 -0.3405087
4529 -0.3405087
4534 -0.3405087
4539 -0.3405087
4544 -0.29964766
4552 -0.3405087
4558 -0.38136974
4563 -0.38136974
4570 -0.3405087
4576 -0.29964766
4582 -0.29964766
4589 -0.38136974
4595 -0.3405087
4601 -0.29964766
4608 -0.42223078
4615 -0.38136974
4621 -0.29964766
4628 -0.29964766
4634 -0.29964766
4641 -0.3405087
4646 -0.3405087
4651 -0.27240697
4656 -0.38136974
4663 -0.42223078
4670 -0.38136974
4676 -0.27240697
4683 -0.27240697
4690 -0.3405087
4696 -0.38136974
4702 -0.3405087
4707 -0.38136974
4714 -0.27240697
4720 -0.27240697
4725 -0.38136974
4731 -0.3405087
4736 -0.3405087
4741 -0.38136974
4748 -0.42223078
4755 -0.3405087
4760 -0.29964766
4825 -0.38136974
4826 -0.3405087
4828 -0.38136974
4830 -0.46309182
4832 -0.3405087
4835 -0.27240697
4843 -0.3405087
4849 -0.3405087
4854 -0.38136974
4861 -0.3405087
4867 -0.3405087
4873 -0.27240697
4880 -0.3405087
4886 -0.42223078
4893 -0.42223078
4899 -0.42223078
4907 -0.42223078
4913 -0.42223078
4920 -0.29964766
4926 -0.3405087
4931 -0.3405087
4937 -0.29964766
4942 -0.29964766
4947 -0.38136974
4954 -0.3405087
4960 -0.3405087
4966 -0.29964766
4971 -0.3405087
4976 -0.3405087
4981 -0.38136974
4989 -0.38136974
4995 -0.46309182
5002 -0.38136974
5008 -0.38136974
5015 -0.38136974
5021 -0.29964766
5028 -0.50395286
5033 -0.53119355
5040 -0.53119355
5046 -0.53119355
5052 -0.50395286
5059 -0.46309182
5065 -0.50395286
5072 -0.46309182
5078 -0.42223078
5085 -0.46309182
5092 -0.42223078
5098 -0.50395286
5105 -0.46309182
5111 -0.50395286
5117 -0.50395286
5122 -0.50395286
5129 -0.46309182
5135 -0.50395286
5140 -0.46309182
5146 -0.46309182
5151 -0.50395286
5158 -0.46309182
5165 -0.46309182
5171 -0.46309182
5177 -0.50395286
5183 -0.53119355
5190 -0.50395286
5197 -0.50395286
5203 -0.46309182
5210 -0.46309182
5216 -0.46309182
5221 -0.46309182
5228 -0.46309182
5235 -0.46309182
5240 -0.46309182
5247 -0.46309182
5254 -0.46309182
5260 -0.50395286
5267 -0.50395286
5273 -0.50395286
5280 -0.46309182
5287 -0.50395286
5293 -0.46309182
5300 -0.50395286
5306 -0.46309182
5313 -0.53119355
5320 -0.46309182
5326 -0.53119355
5333 -0.50395286
5338 -0.46309182
5346 -0.50395286
5352 -0.53119355
5359 -0.6946377
5365 -0.7218784
5370 -0.7218784
5375 -0.61291564
5383 -0.38136974
5389 -0.3405087
5395 -0.29964766
5403 -0.42223078
5409 -0.46309182
5415 -0.46309182
5485 -0.46309182
5486 -0.7218784
5488 -0.7218784
5490 -0.5720546
5492 -0.50395286
5499 -0.46309182
5506 -0.53119355
5513 -0.50395286
5519 -0.42223078
5526 -0.50395286
5532 -0.46309182
5538 -0.50395286
5546 -0.53119355
5552 -0.53119355
5558 -0.50395286
5565 -0.53119355
5572 -0.5720546
5578 -0.53119355
5583 -0.61291564
5589 -0.5720546
5594 -0.42223078
5599 -0.3405087
5605 -0.42223078
5612 -0.3405087
5618 -0.29964766
5625 -0.38136974
5631 -0.42223078
5638 -0.50395286
5644 -0.61291564
5651 -0.5720546
5656 -0.50395286
5663 -0.53119355
5669 -0.50395286
5676 -0.29964766
5683 -0.23154591
5690 -0.23154591
5696 -0.27240697
5703 -0.29964766
5709 -0.27240697
5716 -0.19068487
5723 -0.27240697
5729 -0.29964766
5735 -0.3405087
5741 -0.46309182
5748 -0.53119355
5754 -0.5720546
5760 -0.42223078
5767 -0.42223078
5774 -0.53119355
5781 -0.27240697
5787 -0.29964766
5794 -0.23154591
5800 -0.3405087
5807 -0.50395286
5814 -0.7218784
5820 -0.7218784
5826 -0.53119355
5833 -0.27240697
5839 -0.19068487
5846 -0.08172209
5853 -0.14982383
5859 -0.29964766
5866 -0.3405087
5872 -0.3405087
5877 -0.29964766
5885 -0.38136974
5891 -0.3405087
5897 -0.38136974
5903 -0.50395286
5908 -0.50395286
5915 -0.53119355
5921 -0.53119355
5927 -0.27240697
5933 -0.42223078
5940 -0.3405087
5946 -0.46309182
5953 -0.5720546
5959 -0.5720546
5965 -0.3405087
5970 -0.29964766
5977 -0.3405087
5983 -0.27240697
5989 -0.27240697
5996 -0.27240697
6002 -0.14982383
6009 -0.29964766
6015 -0.27240697
6022 -0.46309182
6028 -0.7627395
6033 -0.53119355
6040 -0.38136974
6047 -0.53119355
6053 -0.53119355
6060 -0.46309182
6067 -0.3405087
6073 -0.19068487
6126 -0.08172209
6126 -0.10896278
6128 -0.27240697
6130 -0.3405087
6134 -0.23154591
6139 -0.040861044
6146 -0.08172209
6152 -0.3405087
6157 -0.53119355
6163 -0.50395286
6170 -0.38136974
6176 -0.27240697
6183 -0.29964766
6190 -0.42223078
6196 -0.27240697
6201 -0.27240697
6208 -0.50395286
6215 -0.5720546
6221 -0.42223078
6228 -0.38136974
6235 -0.38136974
6242 -0.27240697
6248 -0.14982383
6255 -0.19068487
6262 -0.27240697
6268 -0.23154591
6275 -0.3405087
6281 -0.3405087
6286 -0.46309182
6292 -0.42223078
6297 -0.42223078
6304 -0.61291564
6310 -0.46309182
6317 -0.27240697
6324 -0.3405087
6329 -0.38136974
6334 -0.27240697
6340 -0.08172209
6346 -0.19068487
6353 -0.3405087
6359 -0.27240697
6367 0.08172209
6373 0.5720546
6378 -0.10896278
6385 -0.38136974
6392 -0.38136974
6398 -0.38136974
6405 -0.38136974
6412 -0.42223078
6418 -0.38136974
6425 -0.38136974
6432 -0.3405087
6437 -0.3405087
6442 -0.42223078
6449 -0.38136974
6455 -0.38136974
6463 -0.38136974
6469 -0.3405087
6474 -0.38136974
6481 -0.38136974
6488 -0.38136974
6494 -0.38136974
6500 -0.38136974
6507 -0.3405087
6513 -0.42223078
6520 -0.42223078
6527 -0.38136974
6533 -0.3405087
6539 -0.38136974
6547 -0.50395286
6553 -0.38136974
6560 -0.3405087
6566 -0.3405087
6571 -0.42223078
6576 -0.42223078
6584 -0.3405087
6590 -0.3405087
6595 -0.42223078
6602 -0.3405087
6608 -0.19068487
6614 -0.46309182
6621 -0.38136974
6628 -0.42223078
6635 -0.42223078
6641 -0.3405087
6646 -0.42223078
6653 -0.50395286
6660 -0.46309182
6666 -0.50395286
6671 -0.53119355
6678 -0.50395286
6685 -0.46309182
6692 -0.38136974
6698 -0.38136974
6705 -0.42223078
6711 -0.3405087
6717 -0.3405087
6782 -0.50395286
6783 -0.46309182
6785 -0.50395286
6787 -0.61291564
6789 -0.7218784
6793 -0.84446156
6801 -0.88532263
6809 -0.9942854
6814 -0.9942854
6820 -0.9942854
6825 -1.1168685
6830 -1.0351465
6835 -1.0760075
6840 -1.0760075
6845 -1.2666923
6851 -1.525479
6856 -1.6889231
6861 -1.525479
6866 -1.4165162
6872 -1.334794
6877 -1.334794
6882 -1.4165162
6888 -1.4573772
6893 -1.4982382
6898 -1.4573772
6903 -1.3756552
6909 -1.4165162
6914 -1.525479
6919 -1.525479
6924 -1.3756552
6930 -1.3075534
6935 -1.3075534
6940 -1.1441092
6945 -1.3075534
6950 -1.4573772
6956 -1.4573772
6961 -1.3075534
6966 -1.2258313
6971 -1.1168685
6977 -1.1849703
6983 -1.3075534
6988 -1.3756552
6994 -1.334794
6999 -1.3075534
7004 -1.2666923
7009 -1.2666923
7015 -1.2258313
7020 -1.0760075
7025 -1.0760075
7031 -1.2666923
7036 -1.3756552
7041 -1.3075534
7046 -1.4982382
7051 -1.6480621
7057 -1.4573772
7062 -1.3075534
7067 -1.3756552
7072 -1.4165162
7078 -1.2666923
7083 -1.2666923
7088 -1.0760075
7093 -0.9942854
7099 -1.1849703
7104 -1.1441092
7109 -0.9942854
7115 -1.1849703
7120 -1.1441092
7125 -1.1849703
7130 -1.2666923
7135 -1.1168685
7141 -1.0760075
7146 -0.95342433
7151 -0.6537767
7156 -0.6537767
7162 -0.88532263
7167 -0.88532263
7172 -0.84446156
7177 -0.84446156
7182 -0.95342433
7188 -0.9125633
7193 -0.84446156
7198 -0.9942854
7203 -1.0351465
7210 -0.9942854
7215 -0.9942854
7220 -0.9942854
7226 -1.1168685
7231 -1.1168685
7236 -1.2258313
7241 -1.1849703
7246 -1.2666923
7252 -1.2258313
7257 -1.0760075
7262 -1.0760075
7267 -0.9942854
7272 -1.0760075
7278 -1.2258313
7283 -1.2258313
7289 -1.2258313
7294 -1.2258313
7299 -1.2258313
7304 -1.2666923
7310 -1.2666923
7315 -1.2258313
7320 -1.2258313
7325 -1.2258313
7330 -1.1168685
7335 -1.0351465
7341 -1.1168685
7410 -1.2666923
7411 -1.2666923
7413 -1.2258313
7414 -1.3756552
7417 -1.4165162
7421 -1.3075534
7424 -1.1168685
7429 -1.0351465
7435 -1.0760075
7440 -1.2666923
7445 -1.4165162
7451 -1.0760075
7456 -0.84446156
7461 -0.84446156
7467 -0.84446156
7472 -0.7218784
7477 -0.50395286
7482 -0.42223078
7488 -0.50395286
7493 -0.6537767
7498 -0.7218784
7503 -0.8036005
7509 -0.8036005
7514 -0.88532263
7519 -0.9125633
7524 -0.88532263
7529 -0.84446156
7535 -0.9125633
7540 -0.95342433
7545 -0.95342433
7550 -0.9942854
7556 -0.9942854
7561 -1.0760075
7566 -1.2258313
7571 -1.2666923
7576 -1.2666923
7582 -1.3075534
7587 -1.3075534
7592 -1.334794
7597 -1.4165162
7603 -1.4573772
7608 -1.4982382
7613 -1.3756552
7618 -1.525479
7623 -1.6480621
7629 -1.56634
7634 -1.4573772
7639 -1.4982382
7645 -1.4573772
7650 -1.525479
7655 -1.525479
7660 -1.525479
7665 -1.6480621
7671 -1.7570249
7676 -1.7570249
7681 -1.7297841
7686 -1.7570249
7692 -1.879608
7697 -1.9477097
7702 -1.879608
7707 -1.7978859
7712 -1.7297841
7718 -1.7570249
7723 -1.7297841
7728 -1.607201
7733 -1.3756552
7739 -1.4165162
7744 -1.56634
7749 -1.6889231
7754 -1.8387469
7760 -1.7570249
7765 -1.525479
7770 -1.4165162
7775 -1.2666923
7781 -1.1441092
7786 -1.1441092
7791 -1.1849703
7796 -1.2666923
7802 -1.2258313
7807 -1.1441092
7812 -1.1441092
7818 -1.1168685
7823 -0.88532263
7830 -0.88532263
7836 -1.0760075
7841 -1.1849703
7847 -1.1168685
7852 -1.1441092
7857 -0.8036005
7863 -0.6946377
7868 -0.84446156
7875 -0.7218784
7881 -0.7218784
7886 -0.7218784
7892 -0.7627395
7897 -0.5720546
7902 -0.5720546
7908 -0.7627395
7913 -0.42223078
7920 -0.3405087
7926 -0.53119355
7931 -0.46309182
7938 -0.3405087
7945 -0.50395286
7950 -0.42223078
7957 -0.50395286
7964 -0.50395286
8034 -0.50395286
8035 -0.50395286
8037 -0.53119355
8039 -0.50395286
8041 -0.53119355
8044 -0.50395286
8049 -0.46309182
8055 -0.50395286
8062 -0.53119355
8068 -0.50395286
8075 -0.50395286
8081 -0.42223078
8089 -0.50395286
8095 -0.50395286
8102 -0.50395286
8108 -0.42223078
8115 -0.46309182
8122 -0.50395286
8128 -0.50395286
8135 -0.50395286
8142 -0.50395286
8148 -0.53119355
8155 -0.53119355
8161 -0.50395286
8168 -0.50395286
8174 -0.42223078
8179 -0.42223078
8186 -0.42223078
8192 -0.38136974
8198 -0.42223078
8203 -0.42223078
8208 -0.46309182
8214 -0.42223078
8221 -0.46309182
8227 -0.42223078
8233 -0.42223078
8240 -0.46309182
8247 -0.46309182
8254 -0.50395286
8260 -0.46309182
8266 -0.46309182
8271 -0.46309182
8278 -0.42223078
8284 -0.42223078
8291 -0.42223078
8297 -0.46309182
8303 -0.42223078
8311 -0.46309182
8317 -0.42223078
8324 -0.46309182
8331 -0.46309182
8337 -0.46309182
8344 -0.46309182
8350 -0.42223078
8357 -0.42223078
8363 -0.42223078
8370 -0.46309182
8375 -0.42223078
8382 -0.46309182
8388 -0.42223078
8393 -0.42223078
8401 -0.46309182
8407 -0.42223078
8414 -0.46309182
8420 -0.42223078
8427 -0.46309182
8434 -0.46309182
8440 -0.42223078
8447 -0.46309182
8453 -0.42223078
8460 -0.46309182
8465 -0.46309182
8470 -0.42223078
8475 -0.42223078
8482 -0.42223078
8489 -0.46309182
8496 -0.42223078
8502 -0.42223078
8509 -0.46309182
8515 -0.42223078
8522 -0.46309182
8528 -0.46309182
8533 -0.46309182
8540 -0.50395286
8547 -0.46309182
8553 -0.42223078
8559 -0.46309182
8564 -0.46309182
8571 -0.46309182
8578 -0.46309182
8584 -0.46309182
8591 -0.46309182
8597 -0.42223078
8604 -0.42223078
8610 -0.38136974
8616 -0.42223078
8622 -0.42223078
8680 -0.46309182
8681 -0.46309182
8683 -0.42223078
8686 -0.46309182
8688 -0.42223078
8692 -0.46309182
8699 -0.46309182
8706 -0.42223078
8712 -0.46309182
8718 -0.46309182
8724 -0.46309182
8731 -0.46309182
8737 -0.50395286
8743 -0.46309182
8748 -0.42223078
8753 -0.42223078
8760 -0.42223078
8766 -0.46309182
8772 -0.46309182
8777 -0.46309182
8784 -0.46309182
8791 -0.46309182
8797 -0.46309182
8804 -0.42223078
8809 -0.46309182
8816 -0.46309182
8822 -0.46309182
8828 -0.46309182
8833 -0.42223078
8840 -0.38136974
8847 -0.38136974
8853 -0.38136974
8860 -0.42223078
8866 -0.46309182
8873 -0.42223078
8879 -0.46309182
8886 -0.46309182
8892 -0.42223078
8899 -0.42223078
8906 -0.42223078
8912 -0.46309182
8919 -0.42223078
8925 -0.42223078
8932 -0.38136974
8938 -0.46309182
8945 -0.46309182
8952 -0.46309182
8958 -0.46309182
8964 -0.46309182
8972 -0.50395286
8978 -0.50395286
8985 -0.42223078
8991 -0.46309182
8998 -0.50395286
9005 -0.50395286
9011 -0.50395286
9018 -0.46309182
9024 -0.42223078
9031 -0.42223078
9037 -0.42223078
9044 -0.42223078
9051 -0.46309182
9057 -0.42223078
9064 -0.46309182
9070 -0.42223078
9077 -0.42223078
9083 -0.46309182
9090 -0.46309182
9096 -0.46309182
9103 -0.42223078
9110 -0.42223078
9116 -0.46309182
9123 -0.42223078
9129 -0.46309182
9136 -0.42223078
9142 -0.42223078
9148 -0.42223078
9155 -0.42223078
9160 -0.46309182
9166 -0.42223078
9171 -0.46309182
9178 -0.42223078
9185 -0.38136974
9192 -0.46309182
9198 -0.42223078
9205 -0.42223078
9212 -0.46309182
9218 -0.42223078
9225 -0.42223078
9231 -0.38136974
9238 -0.46309182
9243 -0.46309182
9248 -0.42223078
9318 -0.46309182
9319 -0.42223078
9321 -0.46309182
9323 -0.42223078
9326 -0.46309182
9330 -0.50395286
9335 -0.42223078
9341 -0.42223078
9348 -0.46309182
9354 -0.46309182
9361 -0.42223078
9367 -0.46309182
9373 -0.46309182
9381 -0.46309182
9388 -0.42223078
9394 -0.42223078
9401 -0.42223078
9408 -0.42223078
9414 -0.42223078
9421 -0.46309182
9428 -0.46309182
9434 -0.46309182
9441 -0.42223078
9448 -0.46309182
9454 -0.46309182
9461 -0.46309182
9467 -0.42223078
9474 -0.42223078
9480 -0.46309182
9487 -0.46309182
9495 -0.42223078
9501 -0.42223078
9508 -0.46309182
9515 -0.42223078
9521 -0.46309182
9528 -0.42223078
9534 -0.42223078
9540 -0.42223078
9547 -0.42223078
9554 -0.46309182
9560 -0.46309182
9567 -0.46309182
9574 -0.46309182
9580 -0.42223078
9587 -0.46309182
9593 -0.42223078
9600 -0.46309182
9607 -0.46309182
9613 -0.46309182
9620 -0.42223078
9626 -0.46309182
9633 -0.46309182
9640 -0.42223078
9646 -0.46309182
9653 -0.46309182
9660 -0.46309182
9666 -0.50395286
9673 -0.46309182
9680 -0.46309182
9686 -0.42223078
9692 -0.46309182
9697 -0.46309182
9702 -0.46309182
9707 -0.46309182
9714 -0.46309182
9721 -0.46309182
9728 -0.46309182
9734 -0.46309182
9741 -0.46309182
9747 -0.46309182
9754 -0.46309182
9760 -0.42223078
9767 -0.46309182
9774 -0.42223078
9780 -0.42223078
9787 -0.42223078
9793 -0.46309182
9800 -0.46309182
9806 -0.42223078
9813 -0.38136974
9820 -0.46309182
9826 -0.46309182
9833 -0.42223078
9839 -0.42223078
9846 -0.38136974
9853 -0.42223078
9859 -0.46309182
9866 -0.42223078
9872 -0.46309182
9879 -0.42223078
9885 -0.42223078
9892 -0.42223078
9958 -0.46309182
9960 -0.46309182
9963 -0.42223078
9967 -0.42223078
9974 -0.42223078
9981 -0.46309182
9987 -0.46309182
9994 -0.46309182
